Река Ертис – с. Боран 2002-2021гг

 

 

 

Годы

 

Наибольший расход

Наименьшие





 

Q, (м3/с)

 

Дата

 

Отклонения

За год

 

 

Летний

 

 

Зимний

 

 











Q, (м3/с)

Дата

Отклонения

Q, (м3/с)

Дата

Отклонения

Q, (м3/с)

Дата

Отклонения

1

2002

1880

6.06

 

 61.8

 31.12.2002

 

135

12.09.2002

 

 56.3

 29.11.2001

 

2

2003

 1260

 13.06

 

 57.5

 15.02

 

 113

 3.09

 

 57.5

 15.02.2003

 

3

2004

 1380

 24.05

 

 48.5

 28.11.2004

 

 121

 08.09

 

 55.5

 08.02

 

4

2005

 1440

 23.06

 

 66.2

 31.12

 

 169

 25.09-30.09

 

 48.5

 28.11

 

5

2006

 1300

 31.05

 

 62.4

 24.01

 

 109

 03.09

 

 62.4

 24.01

 

6

2007

 1030

 08.06

 

 57.1

 06.02

 

 136

 07.09

 

 56.5

 29.11.06

 

7

2008

 1160

 26.05

 

 52.3

 30.01

 

 106

 23.07

 

 52.3

 30.01

 

8

2009

 778

 27.06

 

 44.1

 01.03

 

 109

 24.08

 

 43.7

 27.02

 

9

2010

 1720

 14.06

 

 53.0

 14. 02

 

 143

 29.09

 

 53.0

 14.02

 

10

2011

 672

 25.04

 

 35.4

 10.12

 

 116

 16.09

 

 53.4

 14.01

 

11

2012

 451

 01.09

 

 40.6

 04.02

 

 129

 28.08

 

 40.6

 04.02

 

12

2013

 1430

 08.06

 

 50.4

 5-6.08

 

 241

 30.09

 

 50.4

 5-6.02

 

13

2014

 1180

 02.06

 

 44.0

 04.03

 

 96.2

 22.09

 

 44.0

 04.03

 

14

2015

 1110

 13.06

 

 46.3

 03.02

 

 112

 16.09

 

 39.0

 04.12

 

15

2016

1800

 15.06

 

 64.6

 25.02

 

 117

 22.09

 

 64.6

 25.02

 

16

2017

 1820

 05.06

 

 74.6

 23.01

 

 126

 8.09-9.09

 

 74.6

 23.01

 

17

2018

 1620

 22.06

 

 66.9

 12.12

 

 149

 28.09

 

 95.9

 06.02

 

18

2019

 1320

 18.06

 

 70.1

 28.01

 

 134

 30.09

 

 66.9

 12.12

 

19

2020

 443

 03.05

 

 166

 22.11

 

 213

 30.06

 

 195

 17.11

 

20

2021

 1320

 08.06

 

 106

 01.11

 

 115

 27.09

 

 50.8

 18.01

 

 

Средний расход, Q (м3/с)

 

 

 

 

 

 

 

 

 

 

 

 

 

Наименьший расход, Q (м3/с)

 35,4

 

 

 

 

 

 

 

 

 

 

 



Наибольший расход, Q (м3/с)

1880

























Средняя Дата



























Ранняя Дата

25.04

























Поздняя Дата

01.09

























Среднее отклонение за многлетний период